4.500000000000000000e+02 -3.981882586473550756e-01
4.503003003003003073e+02 3.950561300815282340e-01
4.506006006006006146e+02 3.376985353345236113e-02
4.509009009009009219e+02 -9.962809633503023898e-02
4.512012012012012292e+02 -2.265550585060186750e-01
4.515015015015014797e+02 -3.204376295879010628e-01
4.518018018018017870e+02 4.225666504309724680e-02
4.521021021021020942e+02 -2.455295112714706018e-01
4.524024024024024015e+02 -3.012021370994196201e-01
4.527027027027027088e+02 -2.310298086622831343e-02
4.530030030030030161e+02 1.433253685824427762e-02
4.533033033033033234e+02 -2.956150866258568377e-01
4.536036036036036307e+02 -1.766619733404032333e-01
4.539039039039038812e+02 -9.263969852835417240e-02
4.542042042042041885e+02 -1.004421099663169586e-01
4.545045045045044958e+02 -4.305111591121668635e-01
4.548048048048048031e+02 -4.207747266011276910e-01
4.551051051051051104e+02 -4.311387825752452940e-01
4.554054054054054177e+02 2.023328031435583929e-01
4.557057057057057250e+02 2.870663097665256125e-02
4.560060060060060323e+02 -1.050305463508135473e-01
4.563063063063062827e+02 1.467775626735540739e-01
4.566066066066065900e+02 -5.330320964329040567e-01
4.569069069069068973e+02 2.903927320424592451e-01
4.572072072072072046e+02 3.025587700161215532e-02
4.575075075075075119e+02 2.622171956854834618e-01
4.578078078078078192e+02 -3.320846620244484737e-01
4.581081081081081265e+02 -1.608600157309519052e-01
4.584084084084084338e+02 -1.647907985505651374e-01
4.587087087087086843e+02 3.425908304080700351e-01
4.590090090090089916e+02 9.566923421738901534e-02
4.593093093093092989e+02 1.825767537670284213e-01
4.596096096096096062e+02 -1.129939054435772222e-01
4.599099099099099135e+02 8.447562160023371070e-02
4.602102102102102208e+02 -4.049927919863921533e-01
4.605105105105105281e+02 6.654467437600837532e-02
4.608108108108108354e+02 3.502062269354119239e-01
4.611111111111110858e+02 1.646737161515534828e-02
4.614114114114113931e+02 1.652917858874486112e-01
4.617117117117117004e+02 -2.614622930776521748e-01
4.620120120120120077e+02 -1.297078082791554288e-01
4.623123123123123150e+02 -1.564436337495879459e-02
4.626126126126126223e+02 -2.326906859128562710e-01
4.629129129129129296e+02 -4.476801670314382031e-01
4.632132132132132369e+02 -7.338374899054132816e-02
4.635135135135134874e+02 -3.060033574431638911e-02
4.638138138138137947e+02 -3.948787778375314333e-02
4.641141141141141020e+02 1.075314191789070312e-01
4.644144144144144093e+02 1.844896825401207696e-01
4.647147147147147166e+02 -1.221215394419743472e-01
4.650150150150150239e+02 -1.568847027274795566e-02
4.653153153153153312e+02 -3.377762011189464619e-01
4.656156156156156385e+02 -4.433901850830124225e-01
4.659159159159158889e+02 -1.004762160778145674e-01
4.662162162162161962e+02 -3.809635993285354072e-02
4.665165165165165035e+02 -2.117309574333284261e-01
4.668168168168168108e+02 -1.717413034562843832e-01
4.671171171171171181e+02 3.688666929281684825e-01
4.674174174174174254e+02 -2.851287344052161332e-01
4.677177177177177327e+02 1.445955117102616094e-01
4.680180180180180400e+02 2.013692809022420982e-01
4.683183183183183473e+02 -1.719703360933771616e-02
4.686186186186185978e+02 -4.495315887205126315e-01
4.689189189189189051e+02 -5.288695059129409209e-02
4.692192192192192124e+02 1.068657246468157213e-01
4.695195195195195197e+02 -9.570905187421457905e-02
4.698198198198198270e+02 1.474296179549607934e-02
4.701201201201201343e+02 -1.123235046388025848e-01
4.704204204204204416e+02 -1.493109217180055293e-01
4.707207207207206920e+02 -1.874601853765496817e-01
4.710210210210209993e+02 1.565266400227252885e-01
4.713213213213213066e+02 -4.314629742213173247e-02
4.716216216216216139e+02 -8.963816198914996425e-02
4.719219219219219212e+02 7.883385340941720387e-02
4.722222222222222285e+02 -1.885827334827757107e-01
4.725225225225225358e+02 2.447106023272652142e-01
4.728228228228228431e+02 -3.185649304169306528e-02
4.731231231231231504e+02 -3.216279067668321723e-01
4.734234234234234009e+02 -3.931031012390077684e-01
4.737237237237237082e+02 -1.204782623564832483e-01
4.740240240240240155e+02 -4.990110946165592087e-02
4.743243243243243228e+02 -1.467949485996448804e-02
4.746246246246246301e+02 -1.405707599070766534e-01
4.749249249249249374e+02 -2.231052450928180386e-01
4.752252252252252447e+02 -2.283987581263996758e-01
4.755255255255255520e+02 1.040633533963815638e-01
4.758258258258258024e+02 4.612596609652608315e-02
4.761261261261261097e+02 1.094316048358369153e-01
4.764264264264264170e+02 1.909506381042329684e-03
4.767267267267267243e+02 1.125522022015175011e-01
4.770270270270270316e+02 3.228011801131018821e-01
4.773273273273273389e+02 3.567299553968394238e-02
4.776276276276276462e+02 -2.183859324331267338e-01
4.779279279279279535e+02 -4.410427991545931015e-01
4.782282282282282040e+02 1.827979481799744954e-01
4.785285285285285113e+02 -2.703209531323756687e-02
4.788288288288288186e+02 -4.243391456960879382e-02
4.791291291291291259e+02 -1.085867283658333432e-01
4.794294294294294332e+02 -9.436995234417616674e-02
4.797297297297297405e+02 1.011997756651086267e-01
4.800300300300300478e+02 4.996428106318713813e-01
4.803303303303303551e+02 -2.272377890834691994e-01
4.806306306306306055e+02 -1.319182891423002768e-01
4.809309309309309128e+02 -7.377800040410685545e-02
4.812312312312312201e+02 6.916975591601311202e-02
4.815315315315315274e+02 1.062331831774433327e-01
4.818318318318318347e+02 -9.579960212138681833e-03
4.821321321321321420e+02 -1.550969458844774773e-01
4.824324324324324493e+02 -9.298393378723530944e-02
4.827327327327327566e+02 -2.506924554522206930e-02
4.830330330330330071e+02 -1.546792398789550993e-01
4.833333333333333144e+02 5.518937131618970038e-02
4.836336336336336217e+02 -3.141898029384913582e-01
4.839339339339339290e+02 -1.915279211962284123e-01
4.842342342342342363e+02 -1.043440063492647729e-01
4.845345345345345436e+02 2.465294458361480534e-02
4.848348348348348509e+02 5.476812156891219113e-02
4.851351351351351582e+02 8.419659506986451603e-02
4.854354354354354655e+02 3.500228949417547725e-02
4.857357357357357159e+02 3.283806747288591787e-01
4.860360360360360232e+02 -1.441774556807288998e-01
4.863363363363363305e+02 -1.986158831827341542e-01
4.866366366366366378e+02 -1.233271085216876284e-03
4.869369369369369451e+02 3.401695869802418004e-01
4.872372372372372524e+02 -2.332656125481830933e-01
4.875375375375375597e+02 1.772124060857211136e-01
4.878378378378378102e+02 -3.840314391142846118e-02
4.881381381381381175e+02 -7.907490338584560741e-02
4.884384384384384248e+02 2.787017220831949915e-02
4.887387387387387321e+02 -1.611085872428494881e-01
4.890390390390390394e+02 -7.650453926116439207e-02
4.893393393393393467e+02 2.219467440345700704e-01
4.896396396396396540e+02 -2.424475555015302985e-01
4.899399399399399613e+02 -1.666977692050213566e-01
4.902402402402402686e+02 -9.154503658787643827e-02
4.905405405405405190e+02 -3.243583047840155054e-01
4.908408408408408263e+02 -7.985736640725261959e-02
4.911411411411411336e+02 -1.593509259635091657e-01
4.914414414414414409e+02 -5.869216135990076855e-02
4.917417417417417482e+02 1.208348655652023568e-01
4.920420420420420555e+02 -1.499137186006452571e-01
4.923423423423423628e+02 2.060371590037526068e-01
4.926426426426426133e+02 -7.876443999332777279e-02
4.929429429429429206e+02 -2.558628048483164719e-01
4.932432432432432279e+02 1.550859986386429468e-01
4.935435435435435352e+02 -2.047216486232356358e-01
4.938438438438438425e+02 -1.554327021732549718e-01
4.941441441441441498e+02 5.101763826951828673e-02
4.944444444444444571e+02 2.998682815048966388e-01
4.947447447447447644e+02 4.712061807848930833e-02
4.950450450450450717e+02 -5.562334006317124629e-02
4.953453453453453221e+02 -2.990957997372505894e-01
4.956456456456456294e+02 -8.275127902847929928e-02
4.959459459459459367e+02 4.637238627270727220e-01
4.962462462462462440e+02 1.263017787775156109e-01
4.965465465465465513e+02 -1.783431880253352475e-01
4.968468468468468586e+02 -7.612569616114576998e-02
4.971471471471471659e+02 -3.774467044796790405e-01
4.974474474474474164e+02 1.243001358002615228e-02
4.977477477477477237e+02 -3.278026405301753821e-02
4.980480480480480310e+02 2.505504972040417319e-02
4.983483483483483383e+02 -3.013611383023934859e-02
4.986486486486486456e+02 4.690569855420492762e-02
4.989489489489489529e+02 -1.516828220888623568e-01
4.992492492492492602e+02 -3.887889951264679456e-02
4.995495495495495675e+02 2.652671834753111968e-01
4.998498498498498748e+02 5.325371752488425314e-02
5.001501501501501252e+02 -4.027909565345815235e-01
5.004504504504504325e+02 7.868663255492182318e-02
5.007507507507507398e+02 3.930456637691522315e-01
5.010510510510510471e+02 -1.226453119054271568e-02
5.013513513513513544e+02 1.118073300034528317e-01
5.016516516516516617e+02 -1.245245510531601679e-01
5.019519519519519690e+02 2.583533152247864950e-01
5.022522522522522763e+02 9.859231810199449442e-02
5.025525525525525836e+02 -7.028205853277734450e-02
5.028528528528528341e+02 2.162111601501474079e-01
5.031531531531531414e+02 2.660154143087367085e-01
5.034534534534534487e+02 1.231826757897066527e-01
5.037537537537537560e+02 2.848828687071237875e-02
5.040540540540540633e+02 -6.948160380457513163e-02
5.043543543543543706e+02 -3.063548675090549400e-01
5.046546546546546779e+02 -3.053676799484699722e-01
5.049549549549549283e+02 2.034836534393815732e-01
5.052552552552552356e+02 -3.959710088005781170e-01
5.055555555555555429e+02 4.637767344699274263e-02
5.058558558558558502e+02 -3.809136751088821327e-01
5.061561561561561575e+02 2.050066450899416803e-01
5.064564564564564648e+02 2.362154382958680243e-01
5.067567567567567721e+02 1.483461724444895893e-02
5.070570570570570794e+02 -4.228556305788529548e-03
5.073573573573573867e+02 -6.282974228875613798e-02
5.076576576576576372e+02 3.123034197991638727e-01
5.079579579579579445e+02 -8.589341865335345383e-02
5.082582582582582518e+02 2.047543297735185674e-01
5.085585585585585591e+02 -6.299829245058879978e-02
5.088588588588588664e+02 3.944534188228931981e-01
5.091591591591591737e+02 5.348487103003742721e-02
5.094594594594594810e+02 3.394571609017280056e-01
5.097597597597597314e+02 1.205543527163700085e-01
5.100600600600600387e+02 8.188483674337575235e-02
5.103603603603603460e+02 1.519495414650496312e-01
5.106606606606606533e+02 -1.026016876611285239e-01
5.109609609609609606e+02 -2.873694973561956578e-01
5.112612612612612679e+02 -3.240892221392114303e-01
5.115615615615615752e+02 -7.976491089132822787e-02
5.118618618618618825e+02 5.294527397655895973e-02
5.121621621621621898e+02 4.076967477454003508e-02
5.124624624624624403e+02 1.639613889219503906e-01
5.127627627627628044e+02 -1.087950580006599860e-01
5.130630630630630549e+02 1.306914776220965448e-02
5.133633633633633053e+02 -7.283696645096458810e-02
5.136636636636636695e+02 -3.698285125634796500e-01
5.139639639639639199e+02 -1.450751239340621612e-01
5.142642642642642841e+02 2.323238057329513051e-01
5.145645645645645345e+02 1.862277512243682709e-01
5.148648648648648987e+02 3.124536809376515789e-01
5.151651651651651491e+02 -3.440894367341821303e-01
5.154654654654655133e+02 1.933536681337789664e-01
5.157657657657657637e+02 -1.969600036517513975e-01
5.160660660660660142e+02 1.414107956117310883e-01
5.163663663663663783e+02 -1.510152856652907105e-01
5.166666666666666288e+02 -4.350114384550730628e-01
5.169669669669669929e+02 -2.073104561848317928e-01
5.172672672672672434e+02 -2.278129885518707376e-01
5.175675675675676075e+02 -1.300730014224631310e-02
5.178678678678678580e+02 -7.238237200200688115e-02
5.181681681681682221e+02 -2.535416089443156759e-02
5.184684684684684726e+02 1.753943572718758837e-01
5.187687687687687230e+02 2.684781414291313451e-01
5.190690690690690872e+02 9.804376894971976453e-02
5.193693693693693376e+02 2.756145828101648765e-01
5.196696696696697018e+02 2.033722796444190767e-02
5.199699699699699522e+02 -2.525445410135184199e-01
5.202702702702703164e+02 -3.929118828849109124e-01
5.205705705705705668e+02 1.158783612607157260e-01
5.208708708708709310e+02 -2.939647795858131296e-01
5.211711711711711814e+02 1.639414106679803196e-01
5.214714714714714319e+02 -2.484119762054287084e-01
5.217717717717717960e+02 -5.327967042044113449e-02
5.220720720720720465e+02 1.982076057966815907e-01
5.223723723723724106e+02 2.684953435818321910e-01
5.226726726726726611e+02 -3.085601912972622471e-02
5.229729729729729115e+02 8.556546089962967228e-02
5.232732732732732757e+02 -1.789993460443533302e-01
5.235735735735735261e+02 -4.876721219164468352e-02
5.238738738738738903e+02 1.048442540373137194e-01
5.241741741741741407e+02 -1.351472407418420618e-02
5.244744744744745049e+02 -1.520070049486610397e-01
5.247747747747747553e+02 2.355881418151422046e-01
5.250750750750751195e+02 1.375526452735758298e-01
5.253753753753753699e+02 1.390637832173483301e-01
5.256756756756756204e+02 -1.939691117975917145e-01
5.259759759759759845e+02 -5.090159313267197949e-02
5.262762762762762350e+02 -3.636943436729284801e-02
5.265765765765765991e+02 -2.895668362113488770e-01
5.268768768768768496e+02 -1.901609932020467408e-01
5.271771771771772137e+02 9.399939621872976936e-02
5.274774774774774642e+02 -4.209398201257206346e-02
5.277777777777778283e+02 1.429629541239081369e-01
5.280780780780780788e+02 -2.762760204115717877e-01
5.283783783783783292e+02 -1.817193872855036307e-01
5.286786786786786934e+02 -4.440459870730281700e-02
5.289789789789789438e+02 -1.596386219812430743e-02
5.292792792792793080e+02 3.500771501545758002e-01
5.295795795795795584e+02 8.985999967472568795e-02
5.298798798798799226e+02 4.707897426864043888e-02
5.301801801801801730e+02 -1.194380374837202829e-01
5.304804804804805372e+02 2.090576047414836047e-01
5.307807807807807876e+02 1.517199742739085318e-02
5.310810810810810381e+02 3.719665501378885408e-01
5.313813813813814022e+02 -3.080872660235778882e-01
5.316816816816816527e+02 2.053790994191657393e-01
5.319819819819820168e+02 7.124193402767169028e-04
5.322822822822822673e+02 8.603515003678524620e-02
5.325825825825826314e+02 4.076440734538500643e-01
5.328828828828828819e+02 1.883848556676984143e-01
5.331831831831832460e+02 -1.428051830919427334e-01
5.334834834834834965e+02 3.230967471996113588e-02
5.337837837837837469e+02 7.381780871662588228e-02
5.340840840840841111e+02 5.870800526622496629e-02
5.343843843843843615e+02 4.992160208477376682e-02
5.346846846846847257e+02 -1.960716698128885660e-01
5.349849849849849761e+02 -4.511525266448099258e-02
5.352852852852852266e+02 2.428380857243495616e-01
5.355855855855855907e+02 -2.507854947556206193e-01
5.358858858858858412e+02 -8.217691507187967204e-02
5.361861861861862053e+02 -1.986568894427246934e-01
5.364864864864864558e+02 -1.157543655679573180e-01
5.367867867867868199e+02 2.346713129363469930e-01
5.370870870870870704e+02 1.620406758843353501e-01
5.373873873873874345e+02 5.737974945376896757e-02
5.376876876876876850e+02 -2.229906511775177624e-01
5.379879879879879354e+02 8.543192340908768723e-02
5.382882882882882996e+02 1.654162939318218895e-01
5.385885885885885500e+02 6.983462426198837336e-02
5.388888888888889142e+02 -3.725527627336024800e-02
5.391891891891891646e+02 -2.463679663937865319e-02
5.394894894894895288e+02 1.281521261562802994e-01
5.397897897897897792e+02 1.654052369744171136e-01
5.400900900900901433e+02 -4.852037313139118818e-02
5.403903903903903938e+02 -4.856632648897809233e-03
5.406906906906906443e+02 1.544279099403386701e-01
5.409909909909910084e+02 4.023314723050190611e-02
5.412912912912912589e+02 -2.720740822511791834e-01
5.415915915915916230e+02 -1.794219860127392319e-01
5.418918918918918735e+02 3.399059395739448819e-01
5.421921921921922376e+02 1.122188313088550993e-01
5.424924924924924881e+02 1.790068118054870538e-01
5.427927927927928522e+02 -1.871218451117928339e-01
5.430930930930931027e+02 3.106880496344531783e-01
5.433933933933933531e+02 -2.490144858792620319e-01
5.436936936936937173e+02 9.397585161846763735e-02
5.439939939939939677e+02 -2.759268215281741599e-01
5.442942942942943318e+02 1.141757929460679305e-01
5.445945945945945823e+02 -2.025102108220727670e-01
5.448948948948948328e+02 1.153613425639914286e-01
5.451951951951951969e+02 -2.224975076517744094e-02
5.454954954954954474e+02 2.452344241157732863e-01
5.457957957957958115e+02 1.630836432608536168e-01
5.460960960960960620e+02 9.693488023562719588e-03
5.463963963963964261e+02 1.523840412860064109e-01
5.466966966966966766e+02 -3.729972866574179230e-02
5.469969969969970407e+02 9.721904933102153146e-02
5.472972972972972912e+02 4.603870526688377124e-02
5.475975975975975416e+02 -2.916631611636314337e-03
5.478978978978979058e+02 -3.790951159614478622e-02
5.481981981981981562e+02 -3.287281439631658531e-01
5.484984984984985203e+02 6.274648699200062740e-01
5.487987987987987708e+02 -1.335055214999058271e-01
5.490990990990991349e+02 -9.547862270711328370e-02
5.493993993993993854e+02 -1.650765603320988872e-01
5.496996996996997495e+02 8.395351829793076814e-02
5.500000000000000000e+02 -6.429544604971548782e-02
5.503003003003002505e+02 2.919935778260771553e-01
5.506006006006006146e+02 2.069222228247812601e-01
5.509009009009008651e+02 -6.571159880558999009e-03
5.512012012012012292e+02 -2.152741372694386424e-01
5.515015015015014797e+02 -4.149320261110923946e-02
5.518018018018018438e+02 2.997683502837016761e-02
5.521021021021020942e+02 -3.052463319241619649e-02
5.524024024024024584e+02 -4.430117079903618804e-01
5.527027027027027088e+02 -1.264521817807170989e-01
5.530030030030029593e+02 7.127825439254631412e-02
5.533033033033033234e+02 -2.053621282871457565e-01
5.536036036036035739e+02 -2.623297399775214034e-01
5.539039039039039380e+02 -6.901536764590526785e-02
5.542042042042041885e+02 3.976492925897009978e-02
5.545045045045045526e+02 2.918303553966736796e-01
5.548048048048048031e+02 1.063792039099616810e-02
5.551051051051051672e+02 1.574611605603383480e-02
5.554054054054054177e+02 2.184233773454399841e-01
5.557057057057056682e+02 -9.419481313773203635e-02
5.560060060060060323e+02 -4.210179691698873877e-02
5.563063063063062827e+02 -1.028344627296504110e-01
5.566066066066066469e+02 -7.562080417683497702e-02
5.569069069069068973e+02 -2.460040073108253067e-01
5.572072072072071478e+02 -2.191820794331445221e-01
5.575075075075075119e+02 1.179746513990586332e-01
5.578078078078077624e+02 -1.811225125057416840e-01
5.581081081081081265e+02 -3.051003918948074281e-02
5.584084084084083770e+02 6.018090353177845547e-02
5.587087087087087411e+02 -8.608802088297087818e-02
5.590090090090089916e+02 -1.034171708515494309e-01
5.593093093093093557e+02 3.631099026230147353e-01
5.596096096096096062e+02 -8.302864723801448021e-02
5.599099099099098567e+02 1.346112498776690924e-01
5.602102102102102208e+02 -1.974427994546034543e-02
5.605105105105104712e+02 1.981787412437435170e-01
5.608108108108108354e+02 2.393712827682662192e-01
5.611111111111110858e+02 -4.363609481892309905e-01
5.614114114114114500e+02 -1.706211446295000100e-01
5.617117117117117004e+02 3.137470691952504165e-01
5.620120120120120646e+02 2.764037782777207380e-02
5.623123123123123150e+02 -9.386624421195156887e-02
5.626126126126125655e+02 -5.073429962005950727e-02
5.629129129129129296e+02 2.694478922737525983e-01
5.632132132132131801e+02 -9.298126365789437242e-02
5.635135135135135442e+02 -4.599744622495577362e-01
5.638138138138137947e+02 -2.767771605722376127e-01
5.641141141141141588e+02 1.531961007553528098e-01
5.644144144144144093e+02 -9.027007330990367145e-03
5.647147147147147734e+02 -5.661077195240222376e-02
5.650150150150150239e+02 -1.097839571235906947e-01
5.653153153153152743e+02 -9.144507863349844723e-02
5.656156156156156385e+02 1.060583036421935271e-03
5.659159159159158889e+02 5.447809821212649950e-02
5.662162162162162531e+02 5.276807550275706624e-03
5.665165165165165035e+02 2.064757916749340172e-01
5.668168168168168677e+02 5.147312309704295957e-02
5.671171171171171181e+02 -9.172682285136321556e-02
5.674174174174174823e+02 2.015718425559966109e-01
5.677177177177177327e+02 9.247685955662905688e-02
5.680180180180179832e+02 -2.190052289703578459e-01
5.683183183183183473e+02 1.955005685411881355e-02
5.686186186186185978e+02 9.312112192953908574e-02
5.689189189189189619e+02 1.941334273233491503e-02
5.692192192192192124e+02 -2.011210234377796557e-01
5.695195195195194628e+02 -4.232223398909490397e-02
5.698198198198198270e+02 2.481744257057841851e-01
5.701201201201200774e+02 2.762255776852037270e-01
5.704204204204204416e+02 5.851223262786704044e-02
5.707207207207206920e+02 -1.462783948897432296e-01
5.710210210210210562e+02 6.267624072348335074e-02
5.713213213213213066e+02 -3.260109373901255714e-02
5.716216216216216708e+02 4.130135344830473260e-03
5.719219219219219212e+02 3.743143819935446648e-01
5.722222222222221717e+02 8.577395037336794925e-02
5.725225225225225358e+02 7.636445413961912010e-02
5.728228228228227863e+02 6.337010050034334041e-01
5.731231231231231504e+02 -5.736931597498160645e-02
5.734234234234234009e+02 -7.919386534626586538e-03
5.737237237237237650e+02 -3.500114385238079634e-02
5.740240240240240155e+02 -4.332865829684307696e-02
5.743243243243243796e+02 -5.716090026025207049e-02
5.746246246246246301e+02 3.239642249239692573e-01
5.749249249249248805e+02 7.262880601955193360e-03
5.752252252252252447e+02 7.800736347194150988e-02
5.755255255255254951e+02 4.864381047320012058e-02
5.758258258258258593e+02 5.483589281353409284e-01
5.761261261261261097e+02 1.700985038852836084e-01
5.764264264264264739e+02 5.888695005743298239e-02
5.767267267267267243e+02 -2.430720677657643436e-01
5.770270270270270885e+02 -2.493590858273495026e-02
5.773273273273273389e+02 1.072333490712021054e-01
5.776276276276275894e+02 4.516236562962980261e-02
5.779279279279279535e+02 2.480012723217116799e-01
5.782282282282282040e+02 3.203622834161823363e-01
5.785285285285285681e+02 1.856683220055223293e-01
5.788288288288288186e+02 1.194236506638697709e-01
5.791291291291290690e+02 3.199644229856860589e-01
5.794294294294294332e+02 4.028260170848803612e-01
5.797297297297297973e+02 7.983844620075541965e-01
5.800300300300300478e+02 1.254878744423749970e-01
5.803303303303302982e+02 5.584704587282098842e-01
5.806306306306306624e+02 7.605255927400994542e-02
5.809309309309309128e+02 2.941507411170505848e-01
5.812312312312312770e+02 6.311182036506706172e-01
5.815315315315315274e+02 2.209263277628786826e-01
5.818318318318317779e+02 2.355486662198617021e-01
5.821321321321321420e+02 6.575676217954811165e-01
5.824324324324323925e+02 4.982995405619558005e-01
5.827327327327327566e+02 7.019602847684712765e-01
5.830330330330330071e+02 5.347621040036738549e-01
5.833333333333333712e+02 9.381700205234937417e-01
5.836336336336336217e+02 5.806054088904368804e-01
5.839339339339339858e+02 9.463919846219845944e-01
5.842342342342342363e+02 4.294104298615238902e-01
5.845345345345344867e+02 6.580761988599647117e-01
5.848348348348348509e+02 5.421091386476448726e-01
5.851351351351351013e+02 6.952854675753987745e-01
5.854354354354354655e+02 9.048736964506666203e-01
5.857357357357357159e+02 6.462013349719116784e-01
5.860360360360360801e+02 5.126599503082214238e-01
5.863363363363363305e+02 1.187707744917293473e+00
5.866366366366366947e+02 1.445387947973483023e+00
5.869369369369369451e+02 1.007505801301241899e+00
5.872372372372371956e+02 1.170375320045692336e+00
5.875375375375375597e+02 1.389808537268745647e+00
5.878378378378378102e+02 1.443055695627440738e+00
5.881381381381381743e+02 1.176906780226740556e+00
5.884384384384384248e+02 1.159577244119316397e+00
5.887387387387386752e+02 1.507466494370381938e+00
5.890390390390390394e+02 1.655182182020697557e+00
5.893393393393394035e+02 1.708826061395345874e+00
5.896396396396396540e+02 2.351117789755857945e+00
5.899399399399399044e+02 1.687772271955123582e+00
5.902402402402402686e+02 2.238497948243371560e+00
5.905405405405405190e+02 2.269006901214563054e+00
5.908408408408408832e+02 2.350961020988513894e+00
5.911411411411411336e+02 2.486056177039864590e+00
5.914414414414413841e+02 2.636278220804485262e+00
5.917417417417417482e+02 2.605259639214870582e+00
5.920420420420421124e+02 2.800740171967254888e+00
5.923423423423423628e+02 2.901925382465779801e+00
5.926426426426426133e+02 3.033409787676515812e+00
5.929429429429429774e+02 3.394532404045641716e+00
5.932432432432432279e+02 3.192286831587843210e+00
5.935435435435435920e+02 3.166436743436504830e+00
5.938438438438438425e+02 3.519833231773147553e+00
5.941441441441440929e+02 3.712203783021807979e+00
5.944444444444444571e+02 3.898998756694972645e+00
5.947447447447447075e+02 4.016917479709832151e+00
5.950450450450450717e+02 4.160070373221481432e+00
5.953453453453453221e+02 4.126072512372588541e+00
5.956456456456456863e+02 4.449491754754621553e+00
5.959459459459459367e+02 4.582627430306710714e+00
5.962462462462463009e+02 4.773116193008438479e+00
5.965465465465465513e+02 4.839354402705389191e+00
5.968468468468468018e+02 5.067550536208671907e+00
5.971471471471471659e+02 5.212858466780955879e+00
5.974474474474474164e+02 5.455611166749952723e+00
5.977477477477477805e+02 5.286824597306775786e+00
5.980480480480480310e+02 5.698216618934675459e+00
5.983483483483482814e+02 5.885417685045998049e+00
5.986486486486486456e+02 5.924855858431848254e+00
5.989489489489490097e+02 6.148154235262627054e+00
5.992492492492492602e+02 6.175480732764233593e+00
5.995495495495495106e+02 6.298303167221665610e+00
5.998498498498498748e+02 6.452201476470481367e+00
6.001501501501501252e+02 6.876181505762484214e+00
6.004504504504504894e+02 7.230920976396213895e+00
6.007507507507507398e+02 7.164812693104631869e+00
6.010510510510509903e+02 7.309797202870271349e+00
6.013513513513513544e+02 7.242038575933629652e+00
6.016516516516517186e+02 7.350654703522001121e+00
6.019519519519519690e+02 7.755954912169467974e+00
6.022522522522522195e+02 7.665163498150612931e+00
6.025525525525525836e+02 8.353433941983029243e+00
6.028528528528528341e+02 8.232374554004893596e+00
6.031531531531531982e+02 8.340315321315744157e+00
6.034534534534534487e+02 8.247308450303766136e+00
6.037537537537536991e+02 8.426192497064732834e+00
6.040540540540540633e+02 8.354336081264051472e+00
6.043543543543544274e+02 8.853521677291631420e+00
6.046546546546546779e+02 9.096119447367826183e+00
6.049549549549549283e+02 8.875317470898670180e+00
6.052552552552552925e+02 9.140274668278037140e+00
6.055555555555555429e+02 9.359648070739844172e+00
6.058558558558559071e+02 9.132780385625594022e+00
6.061561561561561575e+02 9.649286645255530814e+00
6.064564564564564080e+02 9.246726275282998841e+00
6.067567567567567721e+02 1.002274738257966291e+01
6.070570570570570226e+02 9.841861427220358394e+00
6.073573573573573867e+02 9.518381489549824437e+00
6.076576576576576372e+02 9.915392441048824779e+00
6.079579579579580013e+02 9.708911553514189663e+00
6.082582582582582518e+02 1.007175926116740428e+01
6.085585585585586159e+02 9.909874399726660954e+00
6.088588588588588664e+02 1.012528453140405738e+01
6.091591591591591168e+02 1.048393894947227523e+01
6.094594594594594810e+02 9.898993363119942046e+00
6.097597597597597314e+02 1.014848533723474766e+01
6.100600600600600956e+02 1.023123920119109087e+01
6.103603603603603460e+02 1.040887563156659290e+01
6.106606606606605965e+02 9.905918989045883194e+00
6.109609609609609606e+02 9.936213749547039953e+00
6.112612612612613248e+02 9.977286963385958884e+00
6.115615615615615752e+02 9.932974131337374502e+00
6.118618618618618257e+02 9.760643294635128697e+00
6.121621621621621898e+02 9.988973948122600532e+00
6.124624624624624403e+02 9.818746996524302162e+00
6.127627627627628044e+02 9.506717188004897068e+00
6.130630630630630549e+02 9.801426375924869205e+00
6.133633633633633053e+02 9.073119050628122295e+00
6.136636636636636695e+02 9.906752175299789798e+00
6.139639639639640336e+02 9.711804616988915839e+00
6.142642642642642841e+02 9.660247489521845310e+00
6.145645645645645345e+02 9.147818169677483624e+00
6.148648648648648987e+02 9.296820307047919840e+00
6.151651651651651491e+02 9.294377739887414336e+00
6.154654654654655133e+02 8.923088534570410957e+00
6.157657657657657637e+02 8.837957117990015377e+00
6.160660660660660142e+02 9.053812836572392442e+00
6.163663663663663783e+02 8.738373579028921867e+00
6.166666666666666288e+02 8.352316970898492343e+00
6.169669669669669929e+02 8.395578175177838887e+00
6.172672672672672434e+02 8.493398304093730644e+00
6.175675675675676075e+02 8.414208132832529330e+00
6.178678678678678580e+02 8.181637420737255084e+00
6.181681681681682221e+02 8.024444457528993269e+00
6.184684684684684726e+02 7.853733213023716964e+00
6.187687687687687230e+02 7.891127772695229581e+00
6.190690690690690872e+02 7.803820785299736329e+00
6.193693693693693376e+02 7.941833695702306350e+00
6.196696696696697018e+02 7.682281272661776406e+00
6.199699699699699522e+02 7.112456232037807524e+00
6.202702702702702027e+02 7.310123667294980976e+00
6.205705705705705668e+02 7.407758237736260298e+00
6.208708708708709310e+02 7.078591679681133897e+00
6.211711711711711814e+02 7.074333534146052038e+00
6.214714714714714319e+02 7.200176996604024993e+00
6.217717717717717960e+02 7.032464569070693727e+00
6.220720720720720465e+02 7.216091470694135701e+00
6.223723723723724106e+02 7.113527670881596876e+00
6.226726726726726611e+02 7.295411381673575946e+00
6.229729729729729115e+02 6.811450330857894642e+00
6.232732732732732757e+02 6.734953001334592848e+00
6.235735735735736398e+02 6.918366836198417857e+00
6.238738738738738903e+02 7.582863164395385880e+00
6.241741741741741407e+02 7.817209976832163676e+00
6.244744744744745049e+02 7.297035628991824119e+00
6.247747747747747553e+02 7.590644192158767289e+00
6.250750750750751195e+02 7.951770085396498544e+00
6.253753753753753699e+02 7.784232153237872431e+00
6.256756756756756204e+02 7.845438145611833392e+00
6.259759759759759845e+02 7.902640298346270242e+00
6.262762762762763487e+02 8.076279129664598599e+00
6.265765765765765991e+02 8.481582475455308412e+00
6.268768768768768496e+02 8.854146220284926372e+00
6.271771771771772137e+02 9.084527252165306876e+00
6.274774774774774642e+02 9.622577606901829839e+00
6.277777777777778283e+02 9.968708675631143379e+00
6.280780780780780788e+02 9.723267534017132618e+00
6.283783783783783292e+02 1.058873391025578670e+01
6.286786786786786934e+02 1.066669359696287422e+01
6.289789789789789438e+02 1.145804287799404975e+01
6.292792792792793080e+02 1.227320126226915065e+01
6.295795795795795584e+02 1.227234031894764854e+01
6.298798798798799226e+02 1.315548507791568866e+01
6.301801801801801730e+02 1.382957911535497786e+01
6.304804804804805372e+02 1.402424126079218070e+01
6.307807807807807876e+02 1.455230614914598064e+01
6.310810810810810381e+02 1.554946972149042672e+01
6.313813813813814022e+02 1.610586098571558722e+01
6.316816816816816527e+02 1.648569030552146231e+01
6.319819819819820168e+02 1.753899406119374049e+01
6.322822822822822673e+02 1.809169872678625879e+01
6.325825825825825177e+02 1.892381778033631434e+01
6.328828828828828819e+02 2.022353559972719594e+01
6.331831831831832460e+02 2.097121983917701016e+01
6.334834834834834965e+02 2.192454941109494371e+01
6.337837837837837469e+02 2.219948061737929024e+01
6.340840840840841111e+02 2.349285781505465565e+01
6.343843843843843615e+02 2.515953600761653419e+01
6.346846846846847257e+02 2.558460173418765748e+01
6.349849849849849761e+02 2.638351419848362056e+01
6.352852852852852266e+02 2.741945895464387917e+01
6.355855855855855907e+02 2.895405979367817295e+01
6.358858858858859548e+02 2.938455039625425513e+01
6.361861861861862053e+02 3.036386083681658477e+01
6.364864864864864558e+02 3.159634910452113843e+01
6.367867867867868199e+02 3.235057520261302244e+01
6.370870870870870704e+02 3.317817634464731213e+01
6.373873873873874345e+02 3.444968847294762071e+01
6.376876876876876850e+02 3.522070660928768149e+01
6.379879879879879354e+02 3.627970229839926475e+01
6.382882882882882996e+02 3.732899139894679053e+01
6.385885885885885500e+02 3.801457800941476961e+01
6.388888888888889142e+02 3.919875251725208187e+01
6.391891891891891646e+02 4.025187244298895450e+01
6.394894894894895288e+02 4.108528428808438093e+01
6.397897897897897792e+02 4.198792247032676528e+01
6.400900900900901433e+02 4.305370930281568320e+01
6.403903903903903938e+02 4.385694735567350477e+01
6.406906906906906443e+02 4.436524781048276367e+01
6.409909909909910084e+02 4.531019535926560593e+01
6.412912912912912589e+02 4.574459533619635465e+01
6.415915915915916230e+02 4.668951782653199700e+01
6.418918918918918735e+02 4.688802517561612859e+01
6.421921921921921239e+02 4.774274591547022339e+01
6.424924924924924881e+02 4.788173295619353098e+01
6.427927927927928522e+02 4.850163839428367396e+01
6.430930930930931027e+02 4.879923488463852976e+01
6.433933933933933531e+02 4.920362206551281758e+01
6.436936936936937173e+02 4.939649474155857689e+01
6.439939939939939677e+02 4.981575389879374427e+01
6.442942942942943318e+02 5.025585733133763000e+01
6.445945945945945823e+02 4.983957114255259313e+01
6.448948948948948328e+02 5.019374858427217134e+01
6.451951951951951969e+02 5.001440280706439978e+01
6.454954954954955610e+02 5.007002336454689839e+01
6.457957957957958115e+02 4.975733588250062667e+01
6.460960960960960620e+02 4.989063706575810642e+01
6.463963963963964261e+02 4.983427874519715317e+01
6.466966966966966766e+02 4.922221885863949353e+01
6.469969969969970407e+02 4.892168431507669624e+01
6.472972972972972912e+02 4.891354707637607646e+01
6.475975975975975416e+02 4.806768960559668358e+01
6.478978978978979058e+02 4.755875031059066771e+01
6.481981981981982699e+02 4.673613036494531059e+01
6.484984984984985203e+02 4.611858649378905994e+01
6.487987987987987708e+02 4.590710328008953667e+01
6.490990990990991349e+02 4.503386571152059048e+01
6.493993993993993854e+02 4.389691175715352500e+01
6.496996996996997495e+02 4.349994741135582643e+01
6.500000000000000000e+02 4.285606993276957155e+01
6.503003003003002505e+02 4.203086940323203891e+01
6.506006006006006146e+02 4.113820929943724281e+01
6.509009009009008651e+02 4.048297514148121934e+01
6.512012012012012292e+02 3.937904413972086104e+01
6.515015015015014797e+02 3.838218230087316130e+01
6.518018018018018438e+02 3.782854144373577299e+01
6.521021021021020942e+02 3.703367585848985044e+01
6.524024024024024584e+02 3.571757265115488167e+01
6.527027027027027088e+02 3.507876826865187070e+01
6.530030030030029593e+02 3.396781099817273031e+01
6.533033033033033234e+02 3.312593232953558697e+01
6.536036036036035739e+02 3.243451409429046350e+01
6.539039039039039380e+02 3.129170583269556261e+01
6.542042042042041885e+02 3.039393507146839468e+01
6.545045045045044390e+02 2.992745179553029899e+01
6.548048048048048031e+02 2.860330468229298262e+01
6.551051051051051672e+02 2.785709611101915684e+01
6.554054054054054177e+02 2.732127092890086217e+01
6.557057057057056682e+02 2.664026380768002511e+01
6.560060060060060323e+02 2.578615580571246468e+01
6.563063063063062827e+02 2.472671482570618551e+01
6.566066066066066469e+02 2.438880006688028246e+01
6.569069069069068973e+02 2.362026281872497080e+01
6.572072072072071478e+02 2.314790329602719154e+01
6.575075075075075119e+02 2.292805071231373049e+01
6.578078078078078761e+02 2.271645311862125638e+01
6.581081081081081265e+02 2.214599919484075841e+01
6.584084084084083770e+02 2.162217096382660131e+01
6.587087087087087411e+02 2.164979099399752371e+01
6.590090090090089916e+02 2.122659455777160531e+01
6.593093093093093557e+02 2.054676431485948029e+01
6.596096096096096062e+02 2.052944454900108084e+01
6.599099099099098567e+02 2.054635219937008017e+01
6.602102102102102208e+02 1.987208544293431345e+01
6.605105105105104712e+02 2.047284620237792296e+01
6.608108108108108354e+02 1.980178654025777973e+01
6.611111111111110858e+02 1.995266347491989123e+01
6.614114114114114500e+02 1.983336640672850848e+01
6.617117117117117004e+02 2.013173100292975093e+01
6.620120120120120646e+02 2.049029100523280178e+01
6.623123123123123150e+02 2.093323925408317621e+01
6.626126126126125655e+02 2.077397194345998699e+01
6.629129129129129296e+02 2.104361551607237146e+01
6.632132132132131801e+02 2.120219773557748866e+01
6.635135135135135442e+02 2.135693832870818198e+01
6.638138138138137947e+02 2.151867219121242414e+01
6.641141141141141588e+02 2.238183397538075781e+01
6.644144144144144093e+02 2.251747078700300264e+01
6.647147147147147734e+02 2.276126062080217594e+01
6.650150150150150239e+02 2.291212665771223556e+01
6.653153153153152743e+02 2.315749914436560886e+01
6.656156156156156385e+02 2.318283727799996186e+01
6.659159159159158889e+02 2.379382587448524333e+01
6.662162162162162531e+02 2.382266862016967934e+01
6.665165165165165035e+02 2.439647303297220304e+01
6.668168168168167540e+02 2.487835315842456652e+01
6.671171171171171181e+02 2.491176106451849037e+01
6.674174174174174823e+02 2.504754590861860208e+01
6.677177177177177327e+02 2.513957464063891933e+01
6.680180180180179832e+02 2.568070250015743028e+01
6.683183183183183473e+02 2.538982859946823112e+01
6.686186186186185978e+02 2.599909486409794468e+01
6.689189189189189619e+02 2.583613711837888971e+01
6.692192192192192124e+02 2.588944025657647785e+01
6.695195195195194628e+02 2.581916749363133334e+01
6.698198198198198270e+02 2.624378493656286437e+01
6.701201201201201911e+02 2.575989255632978825e+01
6.704204204204204416e+02 2.553779500439621586e+01
6.707207207207206920e+02 2.513404080900966520e+01
6.710210210210210562e+02 2.522403819335340103e+01
6.713213213213213066e+02 2.530064465553849118e+01
6.716216216216216708e+02 2.450302362689107127e+01
6.719219219219219212e+02 2.486023189401046807e+01
6.722222222222221717e+02 2.428724298841420293e+01
6.725225225225225358e+02 2.388934862748301668e+01
6.728228228228227863e+02 2.347298627865158593e+01
6.731231231231231504e+02 2.295199325457590334e+01
6.734234234234234009e+02 2.248096866291501783e+01
6.737237237237237650e+02 2.180020334875674237e+01
6.740240240240240155e+02 2.097020572271802408e+01
6.743243243243243796e+02 2.081838953544703230e+01
6.746246246246246301e+02 2.010950043036064727e+01
6.749249249249248805e+02 1.993275123465331689e+01
6.752252252252252447e+02 1.915986240644993188e+01
6.755255255255254951e+02 1.834573821721061293e+01
6.758258258258258593e+02 1.773088743526071909e+01
6.761261261261261097e+02 1.739678460972310958e+01
6.764264264264263602e+02 1.639816027225123207e+01
6.767267267267267243e+02 1.563332081223303938e+01
6.770270270270270885e+02 1.531898332118360173e+01
6.773273273273273389e+02 1.458032317762758190e+01
6.776276276276275894e+02 1.406092918799399705e+01
6.779279279279279535e+02 1.339031202667821496e+01
6.782282282282282040e+02 1.287797794927667816e+01
6.785285285285285681e+02 1.185971827507967902e+01
6.788288288288288186e+02 1.138187284364299856e+01
6.791291291291290690e+02 1.076305856469879352e+01
6.794294294294294332e+02 1.039935815447431544e+01
6.797297297297297973e+02 9.536029279565671146e+00
6.800300300300300478e+02 8.953307904114502946e+00
6.803303303303302982e+02 8.738994672349370774e+00
6.806306306306306624e+02 7.883143924592013185e+00
6.809309309309309128e+02 7.571251502157157809e+00
6.812312312312312770e+02 7.237066142843948668e+00
6.815315315315315274e+02 6.529296944861787466e+00
6.818318318318317779e+02 6.317003187506906592e+00
6.821321321321321420e+02 5.985708858439739544e+00
6.824324324324325062e+02 5.341366368859702618e+00
6.827327327327327566e+02 4.558361627386331882e+00
6.830330330330330071e+02 4.477894361193963668e+00
6.833333333333333712e+02 4.313946298405899604e+00
6.836336336336336217e+02 3.744616572478113525e+00
6.839339339339339858e+02 3.585864791970620580e+00
6.842342342342342363e+02 3.502130582935027991e+00
6.845345345345344867e+02 3.033206989582001079e+00
6.848348348348348509e+02 2.846877965317664572e+00
6.851351351351351013e+02 2.048729897170400882e+00
6.854354354354354655e+02 1.988074864490823490e+00
6.857357357357357159e+02 2.053026722311479979e+00
6.860360360360360801e+02 1.621062137291771066e+00
6.863363363363363305e+02 1.761021693894773366e+00
6.866366366366366947e+02 1.300066370520255088e+00
6.869369369369369451e+02 1.668041197955726140e+00
6.872372372372371956e+02 1.235599870180300375e+00
6.875375375375375597e+02 9.365314891765843530e-01
6.878378378378378102e+02 1.194821806003623088e+00
6.881381381381381743e+02 8.799264279068714778e-01
6.884384384384384248e+02 9.954118349216801720e-01
6.887387387387386752e+02 6.292019806378954527e-01
6.890390390390390394e+02 6.682897653666759474e-01
6.893393393393394035e+02 6.246214054770643509e-01
6.896396396396396540e+02 5.876504441406691370e-01
6.899399399399399044e+02 2.556647848725488448e-01
6.902402402402402686e+02 5.311768433963111047e-01
6.905405405405405190e+02 2.110302664998874034e-01
6.908408408408408832e+02 3.248489550084201483e-01
6.911411411411411336e+02 4.724381386781330017e-01
6.914414414414413841e+02 3.519858790654760705e-01
6.917417417417417482e+02 3.066585526701653963e-02
6.920420420420421124e+02 -1.183934364920183613e-01
6.923423423423423628e+02 1.967902681911102292e-01
6.926426426426426133e+02 2.782978719955319646e-01
6.929429429429429774e+02 4.220418218612846661e-02
6.932432432432432279e+02 3.138988340033409263e-02
6.935435435435435920e+02 3.139083013315036030e-02
6.938438438438438425e+02 -4.706887824402664067e-02
6.941441441441440929e+02 3.364613216303217746e-01
6.944444444444444571e+02 8.355851139236912528e-02
6.947447447447447075e+02 2.339770237460277180e-01
6.950450450450450717e+02 1.692352924370943146e-01
6.953453453453453221e+02 2.310104693754420346e-01
6.956456456456456863e+02 2.283385488164933752e-01
6.959459459459459367e+02 4.253477592449562139e-01
6.962462462462463009e+02 -4.186859083442714957e-02
6.965465465465465513e+02 -2.301415694598576145e-01
6.968468468468468018e+02 1.327833227594497900e-01
6.971471471471471659e+02 -1.853696003305233264e-01
6.974474474474474164e+02 1.600355867511152608e-01
6.977477477477477805e+02 8.806163256348967239e-02
6.980480480480480310e+02 -3.442105116803226283e-02
6.983483483483482814e+02 -8.154707913802407282e-02
6.986486486486486456e+02 1.708715430151254155e-01
6.989489489489490097e+02 -2.238980565439109005e-01
6.992492492492492602e+02 5.586251608904251320e-01
6.995495495495495106e+02 1.633587504699975657e-01
6.998498498498498748e+02 -3.876061435648186504e-01
7.001501501501501252e+02 -1.433938791180146555e-01
7.004504504504504894e+02 2.377430391551949851e-01
7.007507507507507398e+02 -2.699399472044903270e-01
7.010510510510509903e+02 1.174572360799944551e-02
7.013513513513513544e+02 3.028441065526162324e-01
7.016516516516517186e+02 9.408645763164802389e-02
7.019519519519519690e+02 2.505644582598127168e-01
7.022522522522522195e+02 2.176674835503998873e-01
7.025525525525525836e+02 1.528275210213675128e-01
7.028528528528528341e+02 7.937314573572672172e-02
7.031531531531531982e+02 3.915254568442430583e-02
7.034534534534534487e+02 1.603876580912562688e-01
7.037537537537536991e+02 -2.692371501882862006e-01
7.040540540540540633e+02 -2.351296690150856128e-01
7.043543543543544274e+02 2.757847581589328856e-01
7.046546546546546779e+02 3.024139542064089303e-01
7.049549549549549283e+02 -4.928919221851636723e-02
7.052552552552552925e+02 3.726216247267671172e-02
7.055555555555555429e+02 -4.878216443461350776e-02
7.058558558558559071e+02 -6.739533050513911872e-04
7.061561561561561575e+02 9.656305083432316361e-02
7.064564564564564080e+02 -6.896729899875633785e-02
7.067567567567567721e+02 4.374178208319287608e-02
7.070570570570571363e+02 9.257139882048637247e-02
7.073573573573573867e+02 -1.013312590906344582e-02
7.076576576576576372e+02 3.827511053296855925e-02
7.079579579579578876e+02 -4.379294402492108773e-01
7.082582582582582518e+02 -4.250019685226047450e-01
7.085585585585586159e+02 1.493337589588193681e-01
7.088588588588588664e+02 -2.939743014201939841e-01
7.091591591591591168e+02 -3.849529710693944118e-02
7.094594594594594810e+02 2.049744869497492905e-01
7.097597597597598451e+02 2.198437811820204424e-01
7.100600600600600956e+02 -1.169763526830565753e-01
7.103603603603603460e+02 -3.634264990237055515e-01
7.106606606606605965e+02 3.167461957217891366e-01
7.109609609609609606e+02 -1.332142749436815710e-01
7.112612612612613248e+02 9.343677381506008961e-03
7.115615615615615752e+02 2.793525922935491956e-01
7.118618618618618257e+02 1.411884881111296619e-01
7.121621621621621898e+02 -7.031507267565018093e-04
7.124624624624624403e+02 -5.788819835017484650e-01
7.127627627627628044e+02 -3.592004216204818245e-01
7.130630630630630549e+02 -5.232015867689873145e-01
7.133633633633633053e+02 -1.339533460798595921e-01
7.136636636636636695e+02 -3.548597197788072588e-01
7.139639639639640336e+02 2.917238983013617851e-02
7.142642642642642841e+02 -1.803260348368774524e-01
7.145645645645645345e+02 3.900471939187353243e-01
7.148648648648647850e+02 2.445259045211545801e-01
7.151651651651651491e+02 -2.115436435707666596e-01
7.154654654654655133e+02 -1.202766647528083835e-02
7.157657657657657637e+02 -3.755527893010357499e-02
7.160660660660660142e+02 1.478473870311139693e-01
7.163663663663663783e+02 -2.953853652657144058e-01
7.166666666666667425e+02 1.379973524763471182e-01
7.169669669669669929e+02 2.245219939663982700e-01
7.172672672672672434e+02 -1.051938391151073654e-01
7.175675675675674938e+02 -7.380038692452368931e-02
7.178678678678678580e+02 -2.411905898995576336e-01
7.181681681681682221e+02 -8.444041580526590041e-02
7.184684684684684726e+02 -3.633739063713905398e-02
7.187687687687687230e+02 8.464043398305484689e-02
7.190690690690690872e+02 1.669938311526596858e-02
7.193693693693694513e+02 2.027337184381750590e-01
7.196696696696697018e+02 5.212172743504477068e-02
7.199699699699699522e+02 2.008162229989369774e-01
7.202702702702702027e+02 3.677359532998741298e-01
7.205705705705705668e+02 -4.528236745363853344e-02
7.208708708708709310e+02 -1.745675747406725820e-01
7.211711711711711814e+02 -9.603816064899817206e-02
7.214714714714714319e+02 -4.948850628086738646e-02
7.217717717717717960e+02 1.501263603491568566e-01
7.220720720720721602e+02 -8.760445433354636935e-02
7.223723723723724106e+02 -7.141936695418693581e-02
7.226726726726726611e+02 2.046758139994369619e-01
7.229729729729729115e+02 5.554992818630726664e-02
7.232732732732732757e+02 -1.457534770330385920e-01
7.235735735735736398e+02 3.956394477743880311e-01
7.238738738738738903e+02 -1.678892748688492476e-01
7.241741741741741407e+02 1.447370233167492026e-01
7.244744744744745049e+02 -3.130463700783563952e-01
7.247747747747747553e+02 9.146698409957172704e-02
7.250750750750751195e+02 1.085819832707164284e-01
7.253753753753753699e+02 1.091945045694097671e-01
7.256756756756756204e+02 3.022108280055185725e-01
7.259759759759759845e+02 -3.865721167613966336e-01
7.262762762762763487e+02 2.129177551101169574e-01
7.265765765765765991e+02 -1.408317874549713800e-01
7.268768768768768496e+02 7.144552159809990088e-02
7.271771771771771000e+02 -3.093652031207539191e-02
7.274774774774774642e+02 1.014317826693066221e-01
7.277777777777778283e+02 -1.463027549441913433e-01
7.280780780780780788e+02 3.235758001606360568e-02
7.283783783783783292e+02 3.201881727696136992e-01
7.286786786786786934e+02 9.958768645400010999e-02
7.289789789789790575e+02 -5.194575594050014899e-01
7.292792792792793080e+02 7.969416543281560017e-02
7.295795795795795584e+02 8.077350140681757718e-02
7.298798798798798089e+02 3.131420124836944430e-01
7.301801801801801730e+02 -1.888144088208905391e-01
7.304804804804805372e+02 1.046566408932673442e-01
7.307807807807807876e+02 1.195679477358317505e-01
7.310810810810810381e+02 4.758847255209268379e-02
7.313813813813814022e+02 -1.953253158868563932e-01
7.316816816816817663e+02 1.070087579094161911e-01
7.319819819819820168e+02 1.405224248738647375e-01
7.322822822822822673e+02 4.535444878903509974e-02
7.325825825825825177e+02 1.788440435111054994e-01
7.328828828828828819e+02 2.029437704441840462e-01
7.331831831831832460e+02 3.003878702219058353e-02
7.334834834834834965e+02 2.260748307240903754e-01
7.337837837837837469e+02 4.126289813628645775e-01
7.340840840840841111e+02 -1.967977721487179296e-02
7.343843843843843615e+02 -4.152239197407637805e-01
7.346846846846847257e+02 2.996313384869784824e-01
7.349849849849849761e+02 2.174183752135990799e-01
7.352852852852852266e+02 1.035806038261277429e-01
7.355855855855855907e+02 4.027278239429050721e-01
7.358858858858859548e+02 -6.765834280319217575e-02
7.361861861861862053e+02 -7.329185689766265499e-02
7.364864864864864558e+02 1.070887984401419808e-02
7.367867867867867062e+02 2.497650467944721731e-02
7.370870870870870704e+02 3.213052315000998471e-02
7.373873873873874345e+02 1.665609079482939514e-01
7.376876876876876850e+02 -2.320679758170194895e-01
7.379879879879879354e+02 -1.065712956461996597e-01
7.382882882882882996e+02 1.706638133805627178e-01
7.385885885885886637e+02 -1.086567902060013441e-01
7.388888888888889142e+02 5.180695065556950585e-02
7.391891891891891646e+02 -7.432520586557013476e-02
7.394894894894894151e+02 1.497828786234437215e-01
7.397897897897897792e+02 9.435462054514111296e-02
7.400900900900901433e+02 8.628773629199867901e-02
7.403903903903903938e+02 3.517149271500714103e-01
7.406906906906906443e+02 2.647604420136551728e-01
7.409909909909910084e+02 -9.292817661374432048e-02
7.412912912912913725e+02 5.863427153210057363e-02
7.415915915915916230e+02 -3.600943022452460229e-01
7.418918918918918735e+02 -3.224403611496637345e-01
7.421921921921921239e+02 -1.836350187828254127e-02
7.424924924924924881e+02 2.973568074165587882e-01
7.427927927927928522e+02 1.965320915089707188e-01
7.430930930930931027e+02 2.069465321811204961e-01
7.433933933933933531e+02 -1.715660162721215354e-01
7.436936936936937173e+02 -2.886249095058183167e-01
7.439939939939940814e+02 -1.034187261883237063e-01
7.442942942942943318e+02 -9.258733339320211753e-02
7.445945945945945823e+02 1.820761029541469456e-01
7.448948948948948328e+02 9.014814068364464250e-02
7.451951951951951969e+02 -1.668382078984993466e-01
7.454954954954955610e+02 2.519607565633653068e-01
7.457957957957958115e+02 1.076622494927174795e-01
7.460960960960960620e+02 -5.902840832902668533e-02
7.463963963963964261e+02 -1.810084661808304407e-01
7.466966966966966766e+02 1.521059781688360348e-02
7.469969969969970407e+02 1.837486750693142767e-01
7.472972972972972912e+02 -5.847341280814315895e-02
7.475975975975975416e+02 -1.611635192045635379e-01
7.478978978978979058e+02 8.825112260428751021e-02
7.481981981981982699e+02 1.427217337561292321e-01
7.484984984984985203e+02 -1.065947403915734476e-01
7.487987987987987708e+02 2.554037687237586604e-02
7.490990990990990213e+02 -3.206104889273053704e-02
7.493993993993993854e+02 1.029804665550303894e-02
7.496996996996997495e+02 1.126276517783940667e-01
7.500000000000000000e+02 3.252842573808439885e-01
