#! FIELDS virial_rdf virial.gr der_virial_rdf
#! SET min_virial_rdf 0
#! SET max_virial_rdf 10
#! SET nbins_virial_rdf  501
#! SET periodic_virial_rdf false
    0.000000000    0.000000000    0.000000000
    0.020000000    0.000000000    0.000000000
    0.040000000    0.000000000    0.000000000
    0.060000000    0.000000000    0.000000000
    0.080000000    0.000000000    0.000000000
    0.100000000    0.000000000    0.000000000
    0.120000000    0.000000000    0.000000000
    0.140000000    0.000000000    0.000000000
    0.160000000    0.000000000    0.000000000
    0.180000000    0.000000000    0.000000000
    0.200000000    0.000000000    0.000000000
    0.220000000    0.000000000    0.000000000
    0.240000000    0.000000000    0.000000000
    0.260000000    0.000000000    0.000000000
    0.280000000    0.000000000    0.000000000
    0.300000000    0.000000000    0.000000000
    0.320000000    0.000000467    0.000013493
    0.340000000    0.000001371    0.000038754
    0.360000000    0.000005002    0.000141283
    0.380000000    0.000018293    0.000515262
    0.400000000    0.000046607    0.001294173
    0.420000000    0.000097273    0.002649275
    0.440000000    0.000183535    0.004883390
    0.460000000    0.000325780    0.008439163
    0.480000000    0.000559984    0.014099986
    0.500000000    0.000935786    0.022854371
    0.520000000    0.001527679    0.036119589
    0.540000000    0.002448141    0.055963772
    0.560000000    0.003848296    0.084901592
    0.580000000    0.005944312    0.126374024
    0.600000000    0.009029829    0.184719371
    0.620000000    0.013492950    0.265190228
    0.640000000    0.019837234    0.373995372
    0.660000000    0.028698834    0.518159221
    0.680000000    0.040858393    0.705197569
    0.700000000    0.057251708    0.942794702
    0.720000000    0.078960867    1.238029408
    0.740000000    0.107201856    1.596743184
    0.760000000    0.143281895    2.022386338
    0.780000000    0.188549286    2.515158016
    0.800000000    0.244311685    3.070839254
    0.820000000    0.311743790    3.680026460
    0.840000000    0.391772093    4.327415407
    0.860000000    0.484957739    4.991689820
    0.880000000    0.591377910    5.645862735
    0.900000000    0.710518619    6.258181645
    0.920000000    0.841199602    6.793848174
    0.940000000    0.981527347    7.217017099
    0.960000000    1.128905709    7.493505816
    0.980000000    1.280093930    7.593510761
    1.000000000    1.431320649    7.494279974
    1.020000000    1.578450242    7.182471419
    1.040000000    1.717189017    6.655852031
    1.060000000    1.843317957    5.924170084
    1.080000000    1.952934314    5.009087172
    1.100000000    2.042676623    3.942986168
    1.120000000    2.109924785    2.767060199
    1.140000000    2.152944975    1.528466565
    1.160000000    2.170983918    0.277290398
    1.180000000    2.164289816   -0.936870115
    1.200000000    2.134068920   -2.068120703
    1.220000000    2.082388403   -3.076888395
    1.240000000    2.012025722   -3.932039097
    1.260000000    1.926281847   -4.612281120
    1.280000000    1.828783582   -5.106539749
    1.300000000    1.723277904   -5.413732292
    1.320000000    1.613437715   -5.541906493
    1.340000000    1.502701566   -5.506578707
    1.360000000    1.394131042   -5.329183491
    1.380000000    1.290321418   -5.034906987
    1.400000000    1.193341185   -4.650834265
    1.420000000    1.104713935   -4.204105898
    1.440000000    1.025431513   -3.720398389
    1.460000000    0.955998857   -3.222621554
    1.480000000    0.896498368   -2.730032636
    1.500000000    0.846669367   -2.257688842
    1.520000000    0.805990706   -1.816367104
    1.540000000    0.773769645   -1.412623441
    1.560000000    0.749222347   -1.049200553
    1.580000000    0.731540269   -0.725748938
    1.600000000    0.719949595   -0.439477456
    1.620000000    0.713746400   -0.186085367
    1.640000000    0.712324395    0.039464781
    1.660000000    0.715173547    0.242226220
    1.680000000    0.721879223    0.426615421
    1.700000000    0.732109793    0.595609983
    1.720000000    0.745577842    0.750886468
    1.740000000    0.762014978    0.892532606
    1.760000000    0.781141429    1.019212082
    1.780000000    0.802628896    1.128575052
    1.800000000    0.826103206    1.217042145
    1.820000000    0.851108466    1.280838084
    1.840000000    0.877109362    1.316291844
    1.860000000    0.903512479    1.319909696
    1.880000000    0.929653985    1.289512636
    1.900000000    0.954837714    1.224002355
    1.920000000    0.978363771    1.123768823
    1.940000000    0.999553940    0.990714209
    1.960000000    1.017781838    0.828257380
    1.980000000    1.032507723    0.641120262
    2.000000000    1.043293901    0.435378117
    2.020000000    1.049838292    0.217742385
    2.040000000    1.051969671   -0.004455750
    2.060000000    1.049673824   -0.224012951
    2.080000000    1.043072233   -0.433787325
    2.100000000    1.032428509   -0.627397497
    2.120000000    1.018120741   -0.799251047
    2.140000000    1.000630405   -0.944967457
    2.160000000    0.980514012   -1.061416878
    2.180000000    0.958376428   -1.146773152
    2.200000000    0.934848092   -1.200617624
    2.220000000    0.910552030   -1.223630850
    2.240000000    0.886089034   -1.217812710
    2.260000000    0.862008583   -1.185947576
    2.280000000    0.838796427   -1.131594958
    2.300000000    0.816862255   -1.058877833
    2.320000000    0.796528277   -0.972253795
    2.340000000    0.778029379   -0.876278118
    2.360000000    0.761506605   -0.775475843
    2.380000000    0.747012076   -0.674118934
    2.400000000    0.734515617   -0.576259895
    2.420000000    0.723909895   -0.485481472
    2.440000000    0.715024640   -0.404943905
    2.460000000    0.707625466   -0.337117953
    2.480000000    0.701437384   -0.283938522
    2.500000000    0.696156026   -0.246671445
    2.520000000    0.691457183   -0.225770633
    2.540000000    0.687012763   -0.220853314
    2.560000000    0.682514697   -0.230893173
    2.580000000    0.677681982   -0.253892905
    2.600000000    0.672279153   -0.287149298
    2.620000000    0.666136345   -0.327459829
    2.640000000    0.659147691   -0.370873598
    2.660000000    0.651294735   -0.413401426
    2.680000000    0.642635006   -0.450859525
    2.700000000    0.633308704   -0.479368391
    2.720000000    0.623530112   -0.495551738
    2.740000000    0.613573360   -0.496897827
    2.760000000    0.603752468   -0.481811269
    2.780000000    0.594403175   -0.449901316
    2.800000000    0.585853791   -0.401924362
    2.820000000    0.578408842   -0.339971557
    2.840000000    0.572319144   -0.267149922
    2.860000000    0.567761787   -0.187387537
    2.880000000    0.564831727   -0.105361255
    2.900000000    0.563523507   -0.025937848
    2.920000000    0.563737417    0.045954155
    2.940000000    0.565276282    0.105852251
    2.960000000    0.567860512    0.149917819
    2.980000000    0.571142723    0.175308729
    3.000000000    0.574730406    0.180281100
    3.020000000    0.578208615    0.164378703
    3.040000000    0.581166126    0.128417092
    3.060000000    0.583219959    0.074438849
    3.080000000    0.584039375    0.005546531
    3.100000000    0.583363317   -0.074300286
    3.120000000    0.581017863   -0.160587500
    3.140000000    0.576922755   -0.248549905
    3.160000000    0.571091499   -0.333419327
    3.180000000    0.563629550   -0.410857074
    3.200000000    0.554726028   -0.477178403
    3.220000000    0.544630732   -0.529490017
    3.240000000    0.533644497   -0.565960648
    3.260000000    0.522094842   -0.585880179
    3.280000000    0.510311807   -0.589531929
    3.300000000    0.498608436   -0.578148746
    3.320000000    0.487264600   -0.553799221
    3.340000000    0.476515471   -0.519274478
    3.360000000    0.466533550   -0.477640212
    3.380000000    0.457429262   -0.432143034
    3.400000000    0.449247045   -0.385922294
    3.420000000    0.441972550   -0.341872427
    3.440000000    0.435537098   -0.302433931
    3.460000000    0.429828110   -0.269470849
    3.480000000    0.424703256   -0.244241092
    3.500000000    0.419999654   -0.227384745
    3.520000000    0.415548369   -0.218916872
    3.540000000    0.411187008   -0.218355568
    3.560000000    0.406764916   -0.224763202
    3.580000000    0.402155002   -0.236888955
    3.600000000    0.397257250   -0.253274684
    3.620000000    0.392002537   -0.272408909
    3.640000000    0.386349629   -0.292682573
    3.660000000    0.380291599   -0.312679829
    3.680000000    0.373847554   -0.331014198
    3.700000000    0.367063405   -0.346548763
    3.720000000    0.360005739   -0.358255246
    3.740000000    0.352758454   -0.365271052
    3.760000000    0.345422390   -0.366996341
    3.780000000    0.338109310   -0.362973583
    3.800000000    0.330936680   -0.352900910
    3.820000000    0.324026969   -0.336692180
    3.840000000    0.317501892   -0.314481376
    3.860000000    0.311478973   -0.286642718
    3.880000000    0.306064397   -0.253766702
    3.900000000    0.301350543   -0.216763200
    3.920000000    0.297408795   -0.176828514
    3.940000000    0.294283190   -0.135361817
    3.960000000    0.291988601   -0.094042856
    3.980000000    0.290504100   -0.054694369
    4.000000000    0.289771541   -0.019193268
    4.020000000    0.289695018    0.010646590
    4.040000000    0.290144483    0.033111256
    4.060000000    0.290957659    0.046820644
    4.080000000    0.291948087    0.050757461
    4.100000000    0.292914372    0.044363971
    4.120000000    0.293649346    0.027612352
    4.140000000    0.293949747    0.001044558
    4.160000000    0.293628928   -0.034247500
    4.180000000    0.292527295   -0.076727710
    4.200000000    0.290520399   -0.124468703
    4.220000000    0.287524183   -0.175250833
    4.240000000    0.283500924   -0.226750304
    4.260000000    0.278460210   -0.276656265
    4.280000000    0.272455602   -0.322806971
    4.300000000    0.265581807   -0.363327622
    4.320000000    0.257966768   -0.396714284
    4.340000000    0.249764094   -0.421927910
    4.360000000    0.241144010   -0.438401923
    4.380000000    0.232283110   -0.446031712
    4.400000000    0.223356136   -0.445165737
    4.420000000    0.214525989   -0.436482181
    4.440000000    0.205939609   -0.420971138
    4.460000000    0.197721528   -0.399810786
    4.480000000    0.189972796   -0.374304748
    4.500000000    0.182766115   -0.345735934
    4.520000000    0.176151270   -0.315410030
    4.540000000    0.170151176   -0.284456703
    4.560000000    0.164767762   -0.253912271
    4.580000000    0.159983912   -0.224629004
    4.600000000    0.155767203   -0.197296494
    4.620000000    0.152073014   -0.172442310
    4.640000000    0.148848014   -0.150425538
    4.660000000    0.146033117   -0.131463070
    4.680000000    0.143565971   -0.115642608
    4.700000000    0.141383869   -0.102950494
    4.720000000    0.139425005   -0.093270755
    4.740000000    0.137630795   -0.086437488
    4.760000000    0.135946838   -0.082227942
    4.780000000    0.134322576   -0.080362963
    4.800000000    0.132714408   -0.080609955
    4.820000000    0.131082677   -0.082674584
    4.840000000    0.129393110   -0.086289720
    4.860000000    0.127618039   -0.091238996
    4.880000000    0.125732410   -0.097280461
    4.900000000    0.123716630   -0.104214906
    4.920000000    0.121554869   -0.111845022
    4.940000000    0.119235524   -0.119981103
    4.960000000    0.116750592   -0.128421651
    4.980000000    0.114095518   -0.136922371
    5.000000000    0.111271864   -0.145269345
    5.020000000    0.108284865   -0.153205737
    5.040000000    0.105145417   -0.160474529
    5.060000000    0.101869586   -0.166843713
    5.080000000    0.098477418   -0.172073149
    5.100000000    0.094993570   -0.175987976
    5.120000000    0.091445598   -0.178467347
    5.140000000    0.087862943   -0.179465476
    5.160000000    0.084275095   -0.179003940
    5.180000000    0.080710239   -0.177176110
    5.200000000    0.077194211   -0.174151319
    5.220000000    0.073749149   -0.170147219
    5.240000000    0.070392027   -0.165394628
    5.260000000    0.067135234   -0.160137610
    5.280000000    0.063986658   -0.154619535
    5.300000000    0.060949457   -0.149042054
    5.320000000    0.058022941   -0.143553016
    5.340000000    0.055204482   -0.138262220
    5.360000000    0.052489438   -0.133210067
    5.380000000    0.049873109   -0.128394201
    5.400000000    0.047351021   -0.123758415
    5.420000000    0.044920382   -0.119216651
    5.440000000    0.042580813   -0.114670124
    5.460000000    0.040333112   -0.109997287
    5.480000000    0.038181006   -0.105086643
    5.500000000    0.036130232   -0.099841532
    5.520000000    0.034188245   -0.094200979
    5.540000000    0.032363697   -0.088127949
    5.560000000    0.030664961   -0.081606309
    5.580000000    0.029100945   -0.074676992
    5.600000000    0.027678886   -0.067407401
    5.620000000    0.026404660   -0.059903785
    5.640000000    0.025281899   -0.052307263
    5.660000000    0.024310784   -0.044766597
    5.680000000    0.023488418   -0.037452871
    5.700000000    0.022808450   -0.030543959
    5.720000000    0.022261190   -0.024221475
    5.740000000    0.021833200   -0.018645041
    5.760000000    0.021508345   -0.013963162
    5.780000000    0.021267168   -0.010274594
    5.800000000    0.021089225   -0.007667395
    5.820000000    0.020952339   -0.006173601
    5.840000000    0.020834038   -0.005781375
    5.860000000    0.020712995   -0.006451215
    5.880000000    0.020568756   -0.008084964
    5.900000000    0.020383264   -0.010550604
    5.920000000    0.020141544   -0.013688345
    5.940000000    0.019831869   -0.017312145
    5.960000000    0.019446461   -0.021225568
    5.980000000    0.018981526   -0.025233754
    6.000000000    0.018437043   -0.029150784
    6.020000000    0.017816521   -0.032811088
    6.040000000    0.017126622   -0.036081212
    6.060000000    0.016376128   -0.038853036
    6.080000000    0.015575692   -0.041059996
    6.100000000    0.014737206   -0.042677978
    6.120000000    0.013872255   -0.043696893
    6.140000000    0.012992711   -0.044149261
    6.160000000    0.012109355   -0.044076215
    6.180000000    0.011232271   -0.043541035
    6.200000000    0.010370063   -0.042605234
    6.220000000    0.009530086   -0.041330010
    6.240000000    0.008718449   -0.039773146
    6.260000000    0.007940376   -0.037991084
    6.280000000    0.007199812   -0.036024986
    6.300000000    0.006500090   -0.033913330
    6.320000000    0.005843881   -0.031689436
    6.340000000    0.005232982   -0.029374267
    6.360000000    0.004669124   -0.026997232
    6.380000000    0.004153219   -0.024576230
    6.400000000    0.003685959   -0.022135021
    6.420000000    0.003267531   -0.019696664
    6.440000000    0.002897665   -0.017284793
    6.460000000    0.002575568   -0.014922919
    6.480000000    0.002299977   -0.012635937
    6.500000000    0.002069208   -0.010451176
    6.520000000    0.001880892   -0.008391522
    6.540000000    0.001732326   -0.006482722
    6.560000000    0.001620194   -0.004745156
    6.580000000    0.001540899   -0.003201183
    6.600000000    0.001490411   -0.001868702
    6.620000000    0.001464364   -0.000761098
    6.640000000    0.001458126    0.000113843
    6.660000000    0.001467003    0.000751543
    6.680000000    0.001486292    0.001153075
    6.700000000    0.001511400    0.001325586
    6.720000000    0.001537826    0.001286898
    6.740000000    0.001561456    0.001060820
    6.760000000    0.001578963    0.000668455
    6.780000000    0.001587266    0.000146292
    6.800000000    0.001584067   -0.000468151
    6.820000000    0.001568000   -0.001140481
    6.840000000    0.001538226   -0.001829162
    6.860000000    0.001494827   -0.002499291
    6.880000000    0.001438462   -0.003116198
    6.900000000    0.001370566   -0.003655484
    6.920000000    0.001292878   -0.004094264
    6.940000000    0.001207534   -0.004418607
    6.960000000    0.001116889   -0.004622976
    6.980000000    0.001023353   -0.004709600
    7.000000000    0.000929186   -0.004685706
    7.020000000    0.000836495   -0.004565396
    7.040000000    0.000747055   -0.004365634
    7.060000000    0.000662255   -0.004104651
    7.080000000    0.000583134   -0.003801996
    7.100000000    0.000510328   -0.003475416
    7.120000000    0.000444159   -0.003141373
    7.140000000    0.000384636   -0.002812774
    7.160000000    0.000331545   -0.002499452
    7.180000000    0.000284512   -0.002207920
    7.200000000    0.000243055   -0.001941565
    7.220000000    0.000206646   -0.001701092
    7.240000000    0.000174806   -0.001486952
    7.260000000    0.000147011   -0.001296187
    7.280000000    0.000122814   -0.001126194
    7.300000000    0.000101834   -0.000974642
    7.320000000    0.000083723   -0.000838965
    7.340000000    0.000068181   -0.000717187
    7.360000000    0.000054932   -0.000607496
    7.380000000    0.000043760   -0.000509537
    7.400000000    0.000034442   -0.000422645
    7.420000000    0.000026751   -0.000345877
    7.440000000    0.000020503   -0.000279374
    7.460000000    0.000015491   -0.000222283
    7.480000000    0.000011528   -0.000173953
    7.500000000    0.000008453   -0.000134046
    7.520000000    0.000006091   -0.000101263
    7.540000000    0.000004322   -0.000075252
    7.560000000    0.000003017   -0.000054942
    7.580000000    0.000002078   -0.000039591
    7.600000000    0.000001403   -0.000027896
    7.620000000    0.000000926   -0.000019121
    7.640000000    0.000000607   -0.000013072
    7.660000000    0.000000391   -0.000008768
    7.680000000    0.000000248   -0.000005770
    7.700000000    0.000000151   -0.000003631
    7.720000000    0.000000092   -0.000002306
    7.740000000    0.000000056   -0.000001437
    7.760000000    0.000000033   -0.000000879
    7.780000000    0.000000019   -0.000000527
    7.800000000    0.000000000    0.000000000
    7.820000000    0.000000000    0.000000000
    7.840000000    0.000000000    0.000000000
    7.860000000    0.000000000    0.000000000
    7.880000000    0.000000000    0.000000000
    7.900000000    0.000000000    0.000000000
    7.920000000    0.000000000    0.000000000
    7.940000000    0.000000000    0.000000000
    7.960000000    0.000000000    0.000000000
    7.980000000    0.000000000    0.000000000
    8.000000000    0.000000000    0.000000000
    8.020000000    0.000000000    0.000000000
    8.040000000    0.000000000    0.000000000
    8.060000000    0.000000000    0.000000000
    8.080000000    0.000000000    0.000000000
    8.100000000    0.000000000    0.000000000
    8.120000000    0.000000000    0.000000000
    8.140000000    0.000000000    0.000000000
    8.160000000    0.000000000    0.000000000
    8.180000000    0.000000000    0.000000000
    8.200000000    0.000000000    0.000000000
    8.220000000    0.000000000    0.000000000
    8.240000000    0.000000000    0.000000000
    8.260000000    0.000000000    0.000000000
    8.280000000    0.000000000    0.000000000
    8.300000000    0.000000000    0.000000000
    8.320000000    0.000000000    0.000000000
    8.340000000    0.000000000    0.000000000
    8.360000000    0.000000000    0.000000000
    8.380000000    0.000000000    0.000000000
    8.400000000    0.000000000    0.000000000
    8.420000000    0.000000000    0.000000000
    8.440000000    0.000000000    0.000000000
    8.460000000    0.000000000    0.000000000
    8.480000000    0.000000000    0.000000000
    8.500000000    0.000000000    0.000000000
    8.520000000    0.000000000    0.000000000
    8.540000000    0.000000000    0.000000000
    8.560000000    0.000000000    0.000000000
    8.580000000    0.000000000    0.000000000
    8.600000000    0.000000000    0.000000000
    8.620000000    0.000000000    0.000000000
    8.640000000    0.000000000    0.000000000
    8.660000000    0.000000000    0.000000000
    8.680000000    0.000000000    0.000000000
    8.700000000    0.000000000    0.000000000
    8.720000000    0.000000000    0.000000000
    8.740000000    0.000000000    0.000000000
    8.760000000    0.000000000    0.000000000
    8.780000000    0.000000000    0.000000000
    8.800000000    0.000000000    0.000000000
    8.820000000    0.000000000    0.000000000
    8.840000000    0.000000000    0.000000000
    8.860000000    0.000000000    0.000000000
    8.880000000    0.000000000    0.000000000
    8.900000000    0.000000000    0.000000000
    8.920000000    0.000000000    0.000000000
    8.940000000    0.000000000    0.000000000
    8.960000000    0.000000000    0.000000000
    8.980000000    0.000000000    0.000000000
    9.000000000    0.000000000    0.000000000
    9.020000000    0.000000000    0.000000000
    9.040000000    0.000000000    0.000000000
    9.060000000    0.000000000    0.000000000
    9.080000000    0.000000000    0.000000000
    9.100000000    0.000000000    0.000000000
    9.120000000    0.000000000    0.000000000
    9.140000000    0.000000000    0.000000000
    9.160000000    0.000000000    0.000000000
    9.180000000    0.000000000    0.000000000
    9.200000000    0.000000000    0.000000000
    9.220000000    0.000000000    0.000000000
    9.240000000    0.000000000    0.000000000
    9.260000000    0.000000000    0.000000000
    9.280000000    0.000000000    0.000000000
    9.300000000    0.000000000    0.000000000
    9.320000000    0.000000000    0.000000000
    9.340000000    0.000000000    0.000000000
    9.360000000    0.000000000    0.000000000
    9.380000000    0.000000000    0.000000000
    9.400000000    0.000000000    0.000000000
    9.420000000    0.000000000    0.000000000
    9.440000000    0.000000000    0.000000000
    9.460000000    0.000000000    0.000000000
    9.480000000    0.000000000    0.000000000
    9.500000000    0.000000000    0.000000000
    9.520000000    0.000000000    0.000000000
    9.540000000    0.000000000    0.000000000
    9.560000000    0.000000000    0.000000000
    9.580000000    0.000000000    0.000000000
    9.600000000    0.000000000    0.000000000
    9.620000000    0.000000000    0.000000000
    9.640000000    0.000000000    0.000000000
    9.660000000    0.000000000    0.000000000
    9.680000000    0.000000000    0.000000000
    9.700000000    0.000000000    0.000000000
    9.720000000    0.000000000    0.000000000
    9.740000000    0.000000000    0.000000000
    9.760000000    0.000000000    0.000000000
    9.780000000    0.000000000    0.000000000
    9.800000000    0.000000000    0.000000000
    9.820000000    0.000000000    0.000000000
    9.840000000    0.000000000    0.000000000
    9.860000000    0.000000000    0.000000000
    9.880000000    0.000000000    0.000000000
    9.900000000    0.000000000    0.000000000
    9.920000000    0.000000000    0.000000000
    9.940000000    0.000000000    0.000000000
    9.960000000    0.000000000    0.000000000
    9.980000000    0.000000000    0.000000000
   10.000000000    0.000000000    0.000000000
